Web Search interest: infinite crisis download network error
Worldwide May-Jun 2015

